[40, 60, 80, 100]
[2732.7585467659183, 4719.701826354435, 5852.881018353763, 8102.637909762141]
[0, 1, 1, 0]
[{0: 35, 1: 8, 2: 1, 3: 2}, {0: 63, 1: 22, 2: 9}, {0: 91, 1: 15, 2: 18, 3: 1}, {0: 86, 1: 11, 2: 5, 3: 1, 4: 4, 7: 1}]
[1, 2, 1, 1]
[320, 528, 656, 800]
[2412.7585467659183, 4191.701826354435, 5196.881018353763, 7302.637909762141]
[0.6473064858237005, 0.35466267736338236, 0.23545474322904741, 0.23536387699532849]
[1, 1, 1, 1]
[0.8183201210226742, 0.6433260027715241, 0.6305556603555866, 0.6057704364907278]
[0.9047241315891248, 0.7331623261970519, 0.5823543736512089, 0.7785570395897228]
[0.9398537314349842, 0.9075119613694458, 0.8754068367770313, 0.8563487636013175]
[0.9302727173863781, 0.8285751120201156, 0.7324647677576387, 0.582761193156398]
[20, 33, 41, 50]
[0.01738452911376953, 0.026777982711791992, 0.03584098815917969, 0.04174304008483887]
